11111111111111111111111111111111111111111111111111111111111111111111111111111111
10000000000000000000000000000000000000000000000000000000000000000000000000000001
10011111000000000000000000000000000000000000000000000000000000000000000000000001
10010000000000000000000000000000000000000000000000000000000000000000000000000001
10010000000000000000000000000000000000000000000000000000000000000000000000000001
10010000000000000000000000000000000000000000000000000000000000000000000000000001
10010000000000000000000000000000000000000000000000000000000000000000000000000001
10000000000000000000000000000000000000000000000000000000000000000000000000000001
10000000000000000000000000000000000000000000000000000000000000000000000000000001
10000000000000000000000000000000000000000000000000000000000000000000000000000001
10000000000000000000000000000000000000000000000000000000000000000000000000000001
10000000000000000000000000000000000000000000000000000000000000000000000000000001
10000000000000000000000000000000000000000000000000001111000000000000000000000001
10000000000000000000000000000000000000000000000000000000000000000000000000000001
10000000000000000000000000000000000000000000000000000000000000000000110000000001
10000000000000000000000000000000000000000000000000000000000000000011110000000001
10000000000000000000000000000000000000000000000000000000000000000110110000000001
10000000000000000000000000000000000000000000000000000000000000000000110000000001
10010000000000000000000000000000000000000000000000000000000000000000110000000001
10010000000000000000000000000000000000000000000000000000000000000000110000000001
10010000000000000000000000000000000000000000000000000000000000000011111100000001
10010000000000000000000000000000000000000000000000000000000000000000000000000001
10011111000000000000000000000000000000000000000000000000000000000000000000000001
10000000000000000000000000000000000000000000000000000000000000000000000000000001
11111111111111111111111111111111111111111111111111111111111111111111111111111111
