11111111111111111111111111000000000000000000000000000000000000000000000000000000
11033313333333333111111111000000000000000000000000000000000000000000000000000000
11033333333333333333000000000000000000000000000000000000000000000000000000000000
13333333333333133333000011000000000000000000000000000000000000000000000000000000
11333333333333133333100011000000000000000000000000000000000000000000000000000000
13333333333333333331000011000000000000000000000000000000000000000000000000000000
11333331333333333333333331000000000000000000000000000000000000000000000000000000
13333331300000033333333331000000000000000000000000000000000000000000000000000000
13333333006660033333333331000000000000000000000000000000000000000000000000000000
13333333010000133333333331000000000000000000000000000000000000000000000000000000
13333333000000133333333331000000000000000000000000000000000000000000000000000000
13333333000001333333333331000000000000000000000000000000000000000000000000000000
13333333331113333333333331000000000000000000000000000000000000000000000000000000
11033313333333333333333331000000000000000000000000000000000000000000000000000000
10033313333333113333300001000000000000000000000000000000000000000000000000000000
11000333333333313333300111000000000000000000000000000000000000000000000000000000
11100333333333333333300001000000000000000000000000000000000000000000000000000000
11110333333333333333310001000000000000000000000000000000000000000000000000000000
11111111111111111111111111000000000000000000000000000000000000000000000000000000
00000000000000000000000000000000000000000000000000000000000000000000000000000000
00000000000000000000000000000000000000000000000000000000000000000000000000000000
00000000000000000000000000000000000000000000000000000000000000000000000000000000
00000000000000000000000000000000000000000000000000000000000000000000000000000000
00000000000000000000000000000000000000000000000000000000000000000000000000000000
00000000000000000000000000000000000000000000000000000000000000000000000000000000