00000000000000000000000000000011111111111111111111100000000000000000000000000000
00000000000000000000000000000011111333133003311111100000000000000000000000000000
00000000000000000000000000000011133333333113333111100000000000000000000000000000
00000000000000000000000000000011333333333333333333100000000000000000000000000000
00000000000000000000000000000013333333333333333133100000000000000000000000000000
00000000000000000000000000000013333333113333333113100000000000000000000000000000
00000000000000000000000000000013333333333333313113100000000000000000000000000000
00000000000000000000000000000013333333333333333333100000000000000000000000000000
00000000000000000000000000000013333333333331333311100000000000000000000000000000
00000000000000000000000000000013333333333333333111100000000000000000000000000000
00000000000000000000000000000013333333333333333311100000000000000000000000000000
00000000000000000000000000000013133333133333333333100000000000000000000000000000
00000000000000000000000000000013333333333333333333100000000000000000000000000000
00000000000000000000000000000011333333133333333133100000000000000000000000000000
00000000000000000000000000000011333331133333311113100000000000000000000000000000
00000000000000000000000000000013333333333333333333100000000000000000000000000000
00000000000000000000000000000011133333111333131333100000000000000000000000000000
00000000000000000000000000000013333333313333333333100000000000000000000000000000
00000000000000000000000000000013333333313333333333100000000000000000000000000000
00000000000000000000000000000013333333333331333333100000000000000000000000000000
00000000000000000000000000000011133333333333333131100000000000000000000000000000
00000000000000000000000000000063333313133333333333100000000000000000000000000000
00000000000000000000000000000063333333333333331133100000000000000000000000000000
00000000000000000000000000000013133333333331111131100000000000000000000000000000
00000000000000000000000000000011111111111111111111100000000000000000000000000000