00000000000000000000000000000000000000000000000000000000000000000000000000000000
00000000000000000000000000000000000000011110000000000000000000000000000000000000
00000000000000000000000000000000000000016610000000000000000000000000000000000000
00000000000000000000000000000000011111110011111000000000000000000000000000000000
00000000000000000000000000000000013333313313331000000000000000000000000000000000
00000000000000000000000000000000013333333333331000000000000000000000000000000000
00000000000000000000000000000000013333333333331000000000000000000000000000000000
00000000000000000000000000000000013333333333331000000000000000000000000000000000
00000000000000000000000000000000013313333333131000000000000000000000000000000000
00000000000000000000000000000000011333133333331000000000000000000000000000000000
00000000000000000000000000000000013333333331331000000000000000000000000000000000
00000000000000000000000000000000013333331333331000000000000000000000000000000000
00000000000000000000000000000000013333333333131000000000000000000000000000000000
00000000000000000000000000000000013333333333331000000000000000000000000000000000
00000000000000000000000000000000013133333333331000000000000000000000000000000000
00000000000000000000000000000000013333333133331000000000000000000000000000000000
00000000000000000000000000000000013331333333331000000000000000000000000000000000
00000000000000000000000000000000013333133333331000000000000000000000000000000000
00000000000000000000000000000000011111333311111000000000000000000000000000000000
00000000000000000000000000000000000001000010000000000000000000000000000000000000
00000000000000000000000000000000000001111110000000000000000000000000000000000000
00000000000000000000000000000000000000000000000000000000000000000000000000000000
00000000000000000000000000000000000000000000000000000000000000000000000000000000
00000000000000000000000000000000000000000000000000000000000000000000000000000000
00000000000000000000000000000000000000000000000000000000000000000000000000000000